v2.0 raw
f 4500 80000002 6e00 80000002 7400 80000002 6500 80000002 7200 80000002 2000 80000002 6e00 80000002 2000 80000002 2800 80000002 6f00 80000002 7200 80000002 2000 80000002 3900 80000002 3900 80000002 3900 80000002 2000 80000002 7400 80000002 6f00 80000002 2000 80000002 7100 80000002 7500 80000002 6900 80000002 7400 80000002 2900 80000002 3a00 80000002 2000 80000002 5c64 67 3e716 
4b18 100002 66 8a64 4c64 2100 80000002 2000 80000002 3d00 80000002 2000 80000002 8a64 d00 80000002 d00 80000002 108 c 168 116 531c 67 
100 66 65 106 66 4c64 67 100102 
67 100111 66 65 0 100002 10016 b 
5f1a 10006 80000302 80000002 a16 7218 d16 7218 
3006 100102 105000 100005 100117 2e 100001 104 
100002 5e08 0 100102 100 100302 100001 106 
100002 105004 20 10021f 100201 100311 100105 100102 
100301 a10 100302 100001 106 16 781c 100101 
66 65 168 a16 c91a 6416 c41a 3e816 
bf1a 271016 ba1a 186a016 b51a f424016 b01a 98968016 
ab1a cd17 a61a ce17 a11a ce13 3004 80000002 
168 ce15 cd13 3004 80000002 168 cd15 98968012 
3004 80000002 168 98968014 f424012 3004 80000002 168 
f424014 186a012 3004 80000002 168 186a014 271012 3004 
80000002 168 271014 3e812 3004 80000002 168 3e814 
6412 3004 80000002 168 6414 a12 3004 80000002 
168 a14 3004 80000002 65 5f5e100 3b9aca00 