v2.0 raw
f 80000000 10010 100002 80000000 80000002 5000 80000002 6c00 80000002 6f00 80000002 7400 80000002 7300 80000002 3a00 80000002 d00 80000002 d00 80000002 3100 80000002 2000 80000002 2d00 80000002 2000 80000002 4100 80000002 7800 80000002 6500 80000002 7300 80000002 2000 80000002 7000 80000002 6c00 80000002 6f00 80000002 7400 80000002 2000 80000002 2000 80000002 2000 80000002 2000 80000002 2000 80000002 2000 80000002 2000 80000002 2000 80000002 2000 80000002 2000 80000002 2000 80000002 3700 80000002 2000 80000002 2d00 80000002 2000 80000002 7300 80000002 7100 80000002 7200 80000002 7400 80000002 2800 80000002 7800 80000002 2900 80000002 d00 80000002 3200 80000002 2000 80000002 2d00 80000002 2000 80000002 7300 80000002 6900 80000002 6e00 80000002 2800 80000002 7800 80000002 2900 80000002 2000 80000002 2000 80000002 2000 80000002 2000 80000002 2000 80000002 2000 80000002 2000 80000002 2000 80000002 2000 80000002 2000 80000002 2000 80000002 2000 80000002 2000 80000002 2000 80000002 3800 80000002 2000 80000002 2d00 80000002 2000 80000002 6c00 80000002 6e00 80000002 2800 80000002 7800 80000002 2900 80000002 d00 80000002 3300 80000002 2000 80000002 2d00 80000002 2000 80000002 6300 80000002 6f00 80000002 7300 80000002 2800 80000002 7800 80000002 2900 80000002 2000 80000002 2000 80000002 2000 80000002 2000 80000002 2000 80000002 2000 80000002 2000 80000002 2000 80000002 2000 80000002 2000 80000002 2000 80000002 2000 80000002 2000 80000002 2000 80000002 3900 80000002 2000 80000002 2d00 80000002 2000 80000002 6c00 80000002 6f00 80000002 6700 80000002 2800 80000002 7800 80000002 2900 80000002 d00 80000002 3400 80000002 2000 80000002 2d00 80000002 2000 80000002 7400 80000002 6100 80000002 6e00 80000002 2800 80000002 7800 80000002 2900 80000002 2000 80000002 2000 80000002 2000 80000002 2000 80000002 2000 80000002 2000 80000002 2000 80000002 2000 80000002 2000 80000002 2000 80000002 2000 80000002 2000 80000002 2000 80000002 2000 80000002 3000 80000002 2000 80000002 2d00 80000002 2000 80000002 6500 80000002 7800 80000002 7000 80000002 2800 80000002 7800 80000002 2900 80000002 d00 80000002 3500 80000002 2000 80000002 2d00 80000002 2000 80000002 7300 80000002 6900 80000002 6e00 80000002 2800 80000002 7800 80000002 2f00 80000002 3200 80000002 2900 80000002 2b00 80000002 6300 80000002 6f00 80000002 7300 80000002 2800 80000002 7800 80000002 2900 80000002 2000 80000002 2000 80000002 2000 80000002 2000 80000002 2000 80000002 6100 80000002 2000 80000002 2d00 80000002 2000 80000002 7300 80000002 6900 80000002 6e00 80000002 2800 80000002 7800 80000002 2f00 80000002 3200 80000002 2900 80000002 2a00 80000002 6300 80000002 6f00 80000002 7300 80000002 2800 80000002 7800 80000002 2900 80000002 d00 80000002 3600 80000002 2000 80000002 2d00 80000002 2000 80000002 2800 80000002 7800 80000002 5e00 80000002 3200 80000002 2900 80000002 2f00 80000002 3200 80000002 2b00 80000002 3100 80000002 2000 80000002 2000 80000002 2000 80000002 2000 80000002 2000 80000002 2000 80000002 2000 80000002 2000 80000002 2000 80000002 2000 80000002 2000 80000002 6200 80000002 2000 80000002 2d00 80000002 2000 80000002 4300 80000002 6c00 80000002 6500 80000002 6100 80000002 7200 80000002 2000 80000002 7300 80000002 6300 80000002 7200 80000002 6500 80000002 6500 80000002 6e00 80000002 d00 80000002 d00 80000002 2000 80000002 2000 80000002 4300 80000002 6800 80000002 6f00 80000002 6900 80000002 6300 80000002 6500 80000002 3a00 80000002 2000 80000002 10016 b 
1ef1a 10006 3116 20d18 3216 21f18 3316 23618 
3416 24d18 3516 26818 3616 28418 3716 29d18 
3816 2b418 3916 2cb18 3016 2e218 6116 2f918 
6216 31518 80000302 80000002 c 80000302 80000002 8000 
10010 80000102 ffffff16 8000021f 104 80ff16 2111d 8000 
80000102 ffffff16 8000021f 10004 ff8016 2181d 408 80000302 
80000002 31c01 100102 3c 32534 32630 54 10010 
100202 100101 32434 32630 54 100205 80000102 ff141416 
8000021f 100101 32330 31d17 2225d 408 80000302 80000002 
31c01 100102 3e 32534 32630 54 10010 100202 
100101 32434 32630 54 100205 80000102 ffff1416 8000021f 
100101 32330 31d17 2395d 408 80000302 80000002 31c01 
100102 40 32534 32630 31e17 2635a 31f17 26359 
54 10010 100202 100101 32434 32630 54 100205 
80000102 14ff1416 8000021f 100101 32330 31d17 2505d 408 
80000302 80000002 31c01 100102 3e 100302 100101 32734 
3c 100330 32534 32630 54 10010 100202 100101 
32434 32630 54 100205 80000102 14ffff16 8000021f 100101 
32330 31d17 26b5d 408 80000302 80000002 32001 100102 
100134 32834 32930 32534 32630 54 10010 100202 
100101 32434 32630 54 100205 80000102 ff14ff16 8000021f 
100101 32330 32117 2875d 408 80000302 80000002 31a01 
100102 3a 32534 32630 54 10010 100202 100101 
32434 32630 54 100205 80000102 2880ff16 8000021f 100101 
32330 31d17 2a05d 408 80000302 80000002 31b01 100102 
4c 32534 32630 54 10010 100202 100101 32434 
32630 54 100205 80000102 ff7f0016 8000021f 100101 32330 
31d17 2b75d 408 80000302 80000002 31b01 100102 4e 
32534 32630 54 10010 100202 100101 32434 32630 
54 100205 80000102 7fff0016 8000021f 100101 32330 31d17 
2ce5d 408 80000302 80000002 31c01 100102 52 32534 
32630 54 10010 100202 100101 32434 32630 54 
100205 80000102 14ff5016 8000021f 100101 32330 32217 2e55d 
408 80000302 80000002 31c01 100102 3e 100302 100101 
32734 3c 100334 32534 32630 54 10010 100202 
100101 32434 32630 54 100205 80000102 8014ff16 8000021f 
100101 32330 31d17 2fc5d 408 80000302 80000002 100017 
8000021f 408 0 38d1b717 c1200000 41200000 0 437f0000 c0520000 40520000 3feb0000 3d200000 414ccccd c1a00000 43000000 3f000000 3f000000 3f800000 