v2.0 raw
4200 80000002 6500 80000002 2000 80000002 7300 80000002 7500 80000002 7200 80000002 6500 80000002 2000 80000002 7400 80000002 6f00 80000002 2000 80000002 6800 80000002 6100 80000002 7600 80000002 6500 80000002 2000 80000002 2200 80000002 4e00 80000002 6f00 80000002 2000 80000002 4c00 80000002 6100 80000002 6700 80000002 2000 80000002 4c00 80000002 4500 80000002 4400 80000002 2000 80000002 4d00 80000002 6100 80000002 7400 80000002 7200 80000002 6900 80000002 7800 80000002 2200 80000002 2000 80000002 6300 80000002 6800 80000002 6500 80000002 6300 80000002 6b00 80000002 6500 80000002 6400 80000002 d00 80000002 100 80000602 1000100 80000602 2000100 80000602 3000100 80000602 
4000100 80000602 5000100 80000602 e000100 80000602 200 80000602 
1000200 80000602 2000200 80000602 3000300 80000602 4000200 80000602 
5000200 80000602 e000200 80000602 400 80000602 1000400 80000602 
2000400 80000602 3000700 80000602 4000400 80000602 5000400 80000602 
e000400 80000602 800 80000602 1000800 80000602 2000800 80000602 
3000f00 80000602 4000800 80000602 5000800 80000602 e000800 80000602 
1100 80000602 1001100 80000602 2001100 80000602 3001f00 80000602 
4001100 80000602 5001100 80000602 e001100 80000602 2200 80000602 
1002200 80000602 2002200 80000602 3003e00 80000602 4002200 80000602 
5002200 80000602 e002200 80000602 4400 80000602 1004400 80000602 
2004400 80000602 3007c00 80000602 4004400 80000602 5004400 80000602 
e004400 80000602 8900 80000602 1008900 80000602 2008900 80000602 
300f900 80000602 4008900 80000602 5008900 80000602 e008900 80000602 
11300 80000602 1011200 80000602 2011200 80000602 301f300 80000602 
4011200 80000602 5011200 80000602 e011300 80000602 22700 80000602 
1022400 80000602 2022400 80000602 303e700 80000602 4022400 80000602 
5022400 80000602 e022700 80000602 44f00 80000602 1044800 80000602 
2044800 80000602 307cf00 80000602 4044800 80000602 5044800 80000602 
e044f00 80000602 89f00 80000602 1089000 80000602 2089000 80000602 
30f9e00 80000602 4089000 80000602 5089000 80000602 e089f00 80000602 
13e00 80000602 1012000 80000602 2012000 80000602 30f3c00 80000602 
4012000 80000602 5012000 80000602 e013e00 80000602 27c00 80000602 
1024000 80000602 2024000 80000602 30e7800 80000602 4024000 80000602 
5024000 80000602 e027c00 80000602 4f900 80000602 1048100 80000602 
2048100 80000602 30cf100 80000602 4048100 80000602 5048100 80000602 
e04f900 80000602 9f200 80000602 1090200 80000602 2090200 80000602 
309e200 80000602 4090200 80000602 5090200 80000602 e09f300 80000602 
3e400 80000602 1020400 80000602 2020400 80000602 303c400 80000602 
4020400 80000602 5020400 80000602 e03e700 80000602 7c800 80000602 
1040800 80000602 2040800 80000602 3078800 80000602 4040800 80000602 
5040800 80000602 e07cf00 80000602 f9000 80000602 1081000 80000602 
2081000 80000602 30f1000 80000602 4081000 80000602 5081000 80000602 
e0f9f00 80000602 f2000 80000602 1002000 80000602 2002000 80000602 
30e2000 80000602 4002000 80000602 5002000 80000602 e0f3e00 80000602 
e4000 80000602 1004000 80000602 2004000 80000602 30c4000 80000602 
4004000 80000602 5004000 80000602 e0e7c00 80000602 c8100 80000602 
1008100 80000602 2008100 80000602 3088100 80000602 4008100 80000602 
5008100 80000602 e0cf900 80000602 90200 80000602 1010200 80000602 
2010200 80000602 3010200 80000602 4010200 80000602 5010200 80000602 
e09f300 80000602 20400 80000602 1020400 80000602 2020400 80000602 
3020400 80000602 4020400 80000602 5020400 80000602 e03e700 80000602 
40800 80000602 1040800 80000602 2040800 80000602 3040800 80000602 
4040800 80000602 5040800 80000602 e07cf00 80000602 81000 80000602 
1081000 80000602 2081000 80000602 3081000 80000602 4081000 80000602 
5081000 80000602 e0f9f00 80000602 2000 80000602 1002000 80000602 
2002000 80000602 3002000 80000602 4002000 80000602 5002000 80000602 
e0f3e00 80000602 4000 80000602 1004000 80000602 2004100 80000602 
3004100 80000602 4004100 80000602 5004000 80000602 e0e7c00 80000602 
8000 80000602 1008100 80000602 2008200 80000602 3008200 80000602 
4008200 80000602 5008100 80000602 e0cf800 80000602 10100 80000602 
1010200 80000602 2010400 80000602 3010400 80000602 4010400 80000602 
5010200 80000602 e09f100 80000602 20300 80000602 1020400 80000602 
2020800 80000602 3020800 80000602 4020800 80000602 5020400 80000602 
e03e300 80000602 40700 80000602 1040800 80000602 2041000 80000602 
3041000 80000602 4041000 80000602 5040800 80000602 e07c700 80000602 
80e00 80000602 1081100 80000602 2082000 80000602 3082000 80000602 
4082000 80000602 5081100 80000602 e0f8e00 80000602 1c00 80000602 
1002200 80000602 2004100 80000602 3004100 80000602 4004100 80000602 
5002200 80000602 e0f1c00 80000602 3800 80000602 1004400 80000602 
2008200 80000602 3008200 80000602 4008200 80000602 5004400 80000602 
e0e3800 80000602 7000 80000602 1008800 80000602 2010400 80000602 
3010400 80000602 4010400 80000602 5008800 80000602 e0c7000 80000602 
e000 80000602 1011000 80000602 2020800 80000602 3020800 80000602 
4020800 80000602 5011000 80000602 e08e000 80000602 1c000 80000602 
1022000 80000602 2041000 80000602 3041000 80000602 4041000 80000602 
5022000 80000602 e01c000 80000602 38000 80000602 1044000 80000602 
2082000 80000602 3082000 80000602 4082000 80000602 5044000 80000602 
e038000 80000602 70000 80000602 1088000 80000602 2004000 80000602 
3004000 80000602 4004000 80000602 5088000 80000602 e070000 80000602 
e0000 80000602 1010000 80000602 2008000 80000602 3008000 80000602 
4008000 80000602 5010000 80000602 e0e0000 80000602 c0000 80000602 
1020000 80000602 2010000 80000602 3010000 80000602 4010000 80000602 
5020000 80000602 e0c0000 80000602 80000 80000602 1040000 80000602 
2020000 80000602 3020000 80000602 4020000 80000602 5040000 80000602 
e080000 80000602 0 80000602 1080000 80000602 2040000 80000602 
3040000 80000602 4040000 80000602 5080000 80000602 e000000 80000602 
0 80000602 1000000 80000602 2080000 80000602 3080000 80000602 
4080000 80000602 5000000 80000602 e000000 80000602 0 80000602 
1000000 80000602 2000000 80000602 3000000 80000602 4000000 80000602 
5000000 80000602 e000000 80000602 